Alignment Matrix
       -    C    C    D    C    F    E    C    C    D    C    G    F    C    C    C    A    F    F    E    D    A    A    A    F    G    F 
  -    0   -1   -2   -3   -4   -5   -6   -7   -8   -9  -10  -11  -12  -13  -14  -15  -16  -17  -18  -19  -20  -21  -22  -23  -24  -25  -26 
  C   -1    1    0   -1   -2   -3   -4   -5   -6   -7   -8   -9  -10  -11  -12  -13  -14  -15  -16  -17  -18  -19  -20  -21  -22  -23  -24 
  C   -2    0    2    1    0   -1   -2   -3   -4   -5   -6   -7   -8   -9  -10  -11  -12  -13  -14  -15  -16  -17  -18  -19  -20  -21  -22 
  D   -3   -1    1    3    2    1    0   -1   -2   -3   -4   -5   -6   -7   -8   -9  -10  -11  -12  -13  -14  -15  -16  -17  -18  -19  -20 
  C   -4   -2    0    2    4    3    2    1    0   -1   -2   -3   -4   -5   -6   -7   -8   -9  -10  -11  -12  -13  -14  -15  -16  -17  -18 
  F   -5   -3   -1    1    3    5    4    3    2    1    0   -1   -2   -3   -4   -5   -6   -7   -8   -9  -10  -11  -12  -13  -14  -15  -16 
  E   -6   -4   -2    0    2    4    6    5    4    3    2    1    0   -1   -2   -3   -4   -5   -6   -7   -8   -9  -10  -11  -12  -13  -14 
  C   -7   -5   -3   -1    1    3    5    7    6    5    4    3    2    1    0   -1   -2   -3   -4   -5   -6   -7   -8   -9  -10  -11  -12 
  C   -8   -6   -4   -2    0    2    4    6    8    7    6    5    4    3    2    1    0   -1   -2   -3   -4   -5   -6   -7   -8   -9  -10 
  D   -9   -7   -5   -3   -1    1    3    5    7    9    8    7    6    5    4    3    2    1    0   -1   -2   -3   -4   -5   -6   -7   -8 
  C  -10   -8   -6   -4   -2    0    2    4    6    8   10    9    8    7    6    5    4    3    2    1    0   -1   -2   -3   -4   -5   -6 
  G  -11   -9   -7   -5   -3   -1    1    3    5    7    9   11   10    9    8    7    6    5    4    3    2    1    0   -1   -2   -3   -4 
  F  -12  -10   -8   -6   -4   -2    0    2    4    6    8   10   12   11   10    9    8    7    6    5    4    3    2    1    0   -1   -2 
  C  -13  -11   -9   -7   -5   -3   -1    1    3    5    7    9   11   13   12   11   10    9    8    7    6    5    4    3    2    1    0 
  C  -14  -12  -10   -8   -6   -4   -2    0    2    4    6    8   10   12   14   13   12   11   10    9    8    7    6    5    4    3    2 
  C  -15  -13  -11   -9   -7   -5   -3   -1    1    3    5    7    9   11   13   15   14   13   12   11   10    9    8    7    6    5    4 
  A  -16  -14  -12  -10   -8   -6   -4   -2    0    2    4    6    8   10   12   14   16   15   14   13   12   11   10    9    8    7    6 
  F  -17  -15  -13  -11   -9   -7   -5   -3   -1    1    3    5    7    9   11   13   15   17   16   15   14   13   12   11   10    9    8 
  E  -18  -16  -14  -12  -10   -8   -6   -4   -2    0    2    4    6    8   10   12   14   16   17   17   16   15   14   13   12   11   10 
  D  -19  -17  -15  -13  -11   -9   -7   -5   -3   -1    1    3    5    7    9   11   13   15   16   17   18   17   16   15   14   13   12 
  A  -20  -18  -16  -14  -12  -10   -8   -6   -4   -2    0    2    4    6    8   10   12   14   15   16   17   19   18   17   16   15   14 
  A  -21  -19  -17  -15  -13  -11   -9   -7   -5   -3   -1    1    3    5    7    9   11   13   14   15   16   18   20   19   18   17   16 
  A  -22  -20  -18  -16  -14  -12  -10   -8   -6   -4   -2    0    2    4    6    8   10   12   13   14   15   17   19   21   20   19   18 
  F  -23  -21  -19  -17  -15  -13  -11   -9   -7   -5   -3   -1    1    3    5    7    9   11   13   13   14   16   18   20   22   21   20 
  G  -24  -22  -20  -18  -16  -14  -12  -10   -8   -6   -4   -2    0    2    4    6    8   10   12   13   13   15   17   19   21   23   22 
  F  -25  -23  -21  -19  -17  -15  -13  -11   -9   -7   -5   -3   -1    1    3    5    7    9   11   12   13   14   16   18   20   22   24 

152  Happy Birthday           :CCDCFECCDCGFCCCA-FEDAAAFGF
178  Good Morning To You      :CCDCFECCDCGFCCCAFFEDAAAFGF

The similarity between the two songs was 96% and is not below the similarity threshold of 90%. Thus, copyright infringement has occurred.
The total number of possible alignments was: 2
